00000000000000000000001111110000000000000000000000
00000000000000000000011111111000000000000000000000
00000000000000000000111111111100000000000000000000
00000000000000000001111111111110000000000000000000
00000000000000000111111111111111100000000000000000
00000000000000001111111111111111110000000000000000
00000000000000011111111111111111111000000000000000
00000000000000111111111111111111111100000000000000
00000000000011111111111111111111111110000000000000
00000000000111111111111100111111111111100000000000
00000000001111111111111000011111111111110000000000
00000000011111111111110000001111111111111000000000
00000001111111111111100000000111111111111100000000
00000011111111111110000000000011111111111110000000
00000111111111111100000000000000111111111111100000
00001111111111111000000000000000011111111111110000
00111111111111110000000000000000001111111111111000
01111111111111000000000000000000000111111111111100
11111111111110000000000000000000000011111111111110
11111111111100000000000000000000000000111111111111
11111111111000000000000000000000000000011111111111
11111111100000000000000000000000000000001111111111
11111111000000000000000000000000000000000111111111
11111110000000000000000000000000000000000001111111
00111000000000000000000000000000000000000000111110
