0011111100000000000000000000000000000000000000000000000000000001110000
0111111110000000000000000000000000000000000000000000000000000111111100
1111111111100000000000000000000000000000000000000000000000001111111110
1111111111110000000000000000000000000000000000000000000000011111111111
1111111111111000000000000000000000000000000000000000000001111111111111
1111111111111100000000000000000000000000000000000000000011111111111111
1111111111111110000000000000000000000000000000000000000111111111111111
1111111111111111100000000000000000000000000000000000001111111111111111
0111111111111111110000000000000000000000000000000000111111111111111111
0011111111111111111000000000000000000000000000000001111111111111111110
0001111111111111111100000000000000000000000000000011111111111111111100
0000111111111111111110000000000000000000000000000111111111111111111000
0000011111111111111111100000000000000000000000011111111111111111110000
0000001111111111111111110000000000000000000000111111111111111111000000
0000000011111111111111111000000000000000000001111111111111111110000000
0000000001111111111111111100000000000000000011111111111111111100000000
0000000000111111111111111110000000000000000111111111111111111000000000
0000000000011111111111111111100000000000011111111111111111100000000000
0000000000001111111111111111110000000000111111111111111111000000000000
0000000000000011111111111111111000000001111111111111111110000000000000
0000000000000001111111111111111100000011111111111111111100000000000000
0000000000000000111111111111111110001111111111111111110000000000000000
0000000000000000011111111111111111111111111111111111100000000000000000
0000000000000000001111111111111111111111111111111111000000000000000000
0000000000000000000011111111111111111111111111111110000000000000000000
0000000000000000000001111111111111111111111111111000000000000000000000
0000000000000000000000111111111111111111111111110000000000000000000000
0000000000000000000000011111111111111111111111100000000000000000000000
0000000000000000000000001111111111111111111111000000000000000000000000
0000000000000000000000000011111111111111111100000000000000000000000000
0000000000000000000000000001111111111111111000000000000000000000000000
0000000000000000000000000000111111111111110000000000000000000000000000
0000000000000000000000000000011111111111100000000000000000000000000000
0000000000000000000000000000001111111111000000000000000000000000000000
0000000000000000000000000000000011111100000000000000000000000000000000
