0000000000000000000000000000000111111110000000000000000000000000000000
0000000000000000000000000001111111111111111000000000000000000000000000
0000000000000000000000000111111111111111111110000000000000000000000000
0000000000000000000000001111111111111111111111000000000000000000000000
0000000000000000000000011111111111111111111111100000000000000000000000
0000000000000000000000111111111111111111111111110000000000000000000000
0000000000000000000001111111111111111111111111111000000000000000000000
0000000000000000000001111111111100000011111111111000000000000000000000
0000000000000000000011111111100000000000011111111100000000000000000000
0000000000000000000111111111000000000000001111111110000000000000000000
0000000000000000000111111110000000000000000111111110000000000000000000
0000000000000000001111111100000000000000000011111111000000000000000000
0000000000000000001111111000000000000000000001111111000000000000000000
0000000000000000001111111000000000000000000001111111000000000000000000
0111111111111111111111111000000000000000000001111111111111111111111110
1111111111111111111111111000000000000000000001111111111111111111111111
1111111111111111111111110000000000000000000000111111111111111111111111
1111111111111111111111110000000000000000000000111111111111111111111111
1111111111111111111111110000000000000000000000111111111111111111111111
1111111111111111111111111000000000000000000001111111111111111111111111
0111111111111111111111111000000000000000000001111111111111111111111110
0000000000000000001111111000000000000000000001111111000000000000000000
0000000000000000001111111000000000000000000001111111000000000000000000
0000000000000000001111111100000000000000000011111111000000000000000000
0000000000000000000111111110000000000000000111111110000000000000000000
0000000000000000000111111111000000000000001111111110000000000000000000
0000000000000000000011111111100000000000011111111100000000000000000000
0000000000000000000001111111111100000011111111111000000000000000000000
0000000000000000000001111111111111111111111111111000000000000000000000
0000000000000000000000111111111111111111111111110000000000000000000000
0000000000000000000000011111111111111111111111100000000000000000000000
0000000000000000000000001111111111111111111111000000000000000000000000
0000000000000000000000000111111111111111111110000000000000000000000000
0000000000000000000000000001111111111111111000000000000000000000000000
0000000000000000000000000000000111111110000000000000000000000000000000
